0
0.12131071090698242
0.2296919822692871
0.34371185302734375
0.46347856521606445
0.5205163955688477
0.6662435531616211
0.8058209419250488
0.9708499908447266
1.0818884372711182
1.2378482818603516
1.402024507522583
1.5455286502838135
1.6911487579345703
1.827052354812622
1.9678699970245361
2.1300241947174072
2.283040761947632
2.395665407180786
2.5556750297546387
2.6750741004943848
2.7708816528320312
2.902716875076294
3.1005163192749023
3.2165868282318115
IMPORT
0
0.1822521686553955
0.35882139205932617
0.5450656414031982
0.7107532024383545
0.9224576950073242
1.0906765460968018
1.2435157299041748
1.388873815536499
1.5538928508758545
1.7059588432312012
1.8483564853668213
2.01252818107605
2.1552212238311768
2.3380794525146484
2.485337257385254
2.642273187637329
2.781146287918091
2.9496991634368896
3.1101953983306885
3.270751476287842
3.4467103481292725
3.597081422805786
3.742611885070801
3.906439781188965
